weather{
    name = Normal
    lighting{
        0    = 0   0   32  192
        300  = 0   0   32  192
        360  = 64  64  96  128
        420  = 255 128 255 24
        480  = 255 255 255 0
        1020 = 255 255 255 0
        1080 = 255 128 0   32
        1140 = 0   0   32  96
        1200 = 0   0   32  192
    }
    sun_strength{
        0    = 96
        300  = 96
        480  = 255
        1020 = 255
        1200 = 96
    }
    //precipitation_type = 1
    //precipitation_frequency = 0.2
    //precipitation_speed = 500
}

weather{
    name = Bright
    lighting{
        0    = 0   0   32  192
        300  = 0   0   32  192
        360  = 64  64  96  128
        420  = 255 192 255 24
        480  = 255 255 255 16
        1020 = 255 255 255 16
        1080 = 255 128 64  48
        1140 = 0   0   32  96
        1200 = 0   0   32  192
    }
    sun_strength{
        0    = 96
        240  = 96
        480  = 255
        1020 = 255
        1260 = 96
    }
}

weather{
    name = Cloudy
    lighting{
        0    = 0   0   32  192
        300  = 0   0   32  192
        360  = 16  16  32  128
        420  = 32  16  32  64
        480  = 0   0   0   64
        1020 = 0   0   0   64
        1080 = 48  24  0   64
        1140 = 0   0   32  96
        1200 = 0   0   32  192
    }
    sun_strength{
        0    = 96
        300  = 96
        480  = 192
        1020 = 192
        1200 = 96
    }
}

weather{
    name = Dripping
    lighting{
        0    = 0   0   32  192
        300  = 0   0   32  192
        360  = 16  16  32  128
        420  = 32  16  32  96
        480  = 0   0   0   96
        1020 = 0   0   0   96
        1080 = 48  24  0   96
        1140 = 0   0   32  96
        1200 = 0   0   32  192
    }
    sun_strength{
        0    = 96
        300  = 96
        480  = 160
        1020 = 160
        1200 = 96
    }
}

weather{
    name = Rainstorm
    lighting{
        0    = 0   0   32  192
        300  = 0   0   32  192
        360  = 8   8   24  128
        420  = 16  8   24  112
        480  = 0   0   0   112
        1020 = 0   0   0   112
        1080 = 24  16  0   112
        1140 = 0   0   32  112
        1200 = 0   0   32  192
    }
    sun_strength{
        0    = 96
        360  = 96
        480  = 128
        1020 = 128
        1140 = 96
    }
}

weather{
    name = Thunder
    lighting{
        0    = 0   0   32  192
        300  = 0   0   32  192
        360  = 8   8   24  128
        420  = 16  8   24  112
        480  = 0   0   0   112
        1020 = 0   0   0   112
        1080 = 24  16  0   112
        1140 = 0   0   32  112
        1200 = 0   0   32  192
    }
    sun_strength{
        0    = 96
        360  = 96
        480  = 128
        1020 = 128
        1140 = 96
    }
}

weather{
    name = Foggy
    lighting{
        0    = 32  32  32  208
        300  = 32  32  32  208
        360  = 48  48  64  160
        420  = 192 160 192 112
        480  = 128 128 128 112
        1020 = 128 128 128 112
        1080 = 144 128 112 112
        1140 = 96  96  96  160
        1200 = 32  32  32  208
    }
    sun_strength{
        0    = 96
        300  = 96
        480  = 128
        1020 = 128
        1200 = 96
    }
}

weather{
    name = Windy
    lighting{
        0    = 0   0   32  192
        300  = 0   0   32  192
        360  = 32  32  64  128
        420  = 32  16  32  24
        480  = 0   0   0   32
        1020 = 0   0   0   32
        1080 = 128 64  0   32
        1140 = 0   0   32  96
        1200 = 0   0   32  192
    }
    sun_strength{
        0    = 96
        300  = 96
        480  = 224
        1020 = 224
        1200 = 96
    }
}

weather{
    name = Snowing
    lighting{
        0    = 0   0   32  192
        300  = 0   0   32  192
        360  = 16  16  32  128
        420  = 32  16  32  64
        480  = 0   0   0   64
        1020 = 0   0   0   64
        1080 = 48  24  0   64
        1140 = 0   0   32  96
        1200 = 0   0   32  192
    }
    sun_strength{
        0    = 96
        300  = 96
        480  = 192
        1020 = 192
        1200 = 96
    }
}

weather{
    name = Blizzard
    lighting{
        0    = 0   0   32  192
        300  = 0   0   32  192
        360  = 8   8   24  128
        420  = 16  8   24  112
        480  = 0   0   64  112
        1020 = 0   0   64  112
        1080 = 24  16  64  112
        1140 = 0   0   32  112
        1200 = 0   0   32  192
    }
    sun_strength{
        0    = 96
        360  = 96
        480  = 128
        1020 = 128
        1140 = 96
    }
}

weather{
    name = Dead leaves
    lighting{
        0    = 0   0   32  192
        300  = 0   0   32  192
        360  = 64  64  96  128
        420  = 255 128 255 24
        480  = 255 255 255 0
        1020 = 255 255 255 0
        1080 = 255 128 0   32
        1140 = 0   0   32  96
        1200 = 0   0   32  192
    }
    sun_strength{
        0    = 96
        300  = 96
        480  = 255
        1020 = 255
        1200 = 96
    }
}

weather{
    name = Petals
    lighting{
        0    = 0   0   32  192
        300  = 0   0   32  192
        360  = 64  64  96  128
        420  = 255 128 255 24
        480  = 255 255 255 0
        1020 = 255 255 255 0
        1080 = 255 128 0   32
        1140 = 0   0   32  96
        1200 = 0   0   32  192
    }
    sun_strength{
        0    = 96
        300  = 96
        480  = 255
        1020 = 255
        1200 = 96
    }
}

weather{
    name = Sandstorm
    lighting{
        0    = 64  48  32  224
        300  = 64  48  32  224
        360  = 64  48  0   160
        420  = 255 128 96  96
        480  = 255 192 96  64
        1020 = 255 192 96  64
        1080 = 255 160 64  96
        1140 = 64  48  32  192
        1200 = 64  48  32  224
    }
    sun_strength{
        0    = 96
        300  = 96
        480  = 192
        1020 = 192
        1200 = 96
    }
}
