positions{
	back=14.0000 7.0000 20.0000 6.0000
	pick_text=45.5000 7.0000 39.0000 6.0000
	mission_specs=81.0000 7.0000 30.0000 6.0000
	list=19.0000 51.0000 30.0000 78.0000
	list_scroll=36.0000 51.0000 2.0000 78.0000
	info_box=67.0000 51.0000 58.0000 78.0000
	name=56.0000 18.0000 32.0000 8.0000
	subtitle=56.0000 28.0000 32.0000 8.0000
	thumbnail=84.0000 24.0000 20.0000 20.0000
	description=67.0000 45.0000 54.0000 18.0000
	high_scores=67.0000 63.0000 54.0000 14.0000
	difficulty=67.0000 74.0000 54.0000 4.0000
	tags=67.0000 80.0000 54.0000 4.0000
	maker=54.0000 86.0000 28.0000 4.0000
	version=82.0000 86.0000 24.0000 4.0000
	tooltip=50.0000 95.0000 95.0000 8.0000
	no_areas_text=50.0000 50.0000 96.0000 10.0000
}
