positions{
	back=12.0000 5.0000 20.0000 6.0000
	fullscreen=24.0000 18.0000 40.0000 8.0000
	resolution=76.0000 18.0000 40.0000 8.0000
	cursor_speed=24.0000 32.0000 40.0000 8.0000
	cursor_cam_weight=76.0000 32.0000 40.0000 8.0000
	auto_throw=50.0000 44.0000 44.0000 8.0000
	show_hud_input_icons=50.0000 54.0000 44.0000 8.0000
	leaving_confirmation=50.0000 64.0000 44.0000 8.0000
	controls=50.0000 74.0000 44.0000 8.0000
	advanced=87.0000 86.0000 22.0000 8.0000
	tooltip=50.0000 96.0000 96.0000 4.0000
	restart_warning=63.0000 5.0000 70.0000 6.0000
}
