positions{
	header=50.0000 5.0000 52.0000 6.0000
	left_page=12.0000 5.0000 20.0000 6.0000
	left_page_input=3.0000 7.0000 4.0000 4.0000
	right_page=88.0000 5.0000 20.0000 6.0000
	right_page_input=97.0000 7.0000 4.0000 4.0000
	line=50.0000 11.0000 96.0000 2.0000
	continue=10.0000 16.0000 16.0000 4.0000
	list_header=50.0000 23.0000 88.0000 6.0000
	list=50.0000 56.0000 88.0000 56.0000
	list_scroll=97.0000 56.0000 2.0000 56.0000
	totals=50.0000 89.0000 88.0000 6.0000
	instructions=58.7500 16.0000 77.5000 4.0000
	tooltip=50.0000 96.0000 96.0000 4.0000
}
