positions{
	header=50.0000 5.0000 52.0000 6.0000
	left_page=12.0000 5.0000 20.0000 6.0000
	right_page=88.0000 5.0000 20.0000 6.0000
	line=50.0000 11.0000 96.0000 2.0000
	continue=10.0000 16.0000 16.0000 4.0000
	radar=37.5000 56.2500 70.0000 72.5000
	field_pikmin_label=86.2500 27.5000 22.5000 5.0000
	field_pikmin_number=86.2500 35.0000 22.5000 5.0000
	idle_pikmin_label=86.2500 42.5000 22.5000 5.0000
	idle_pikmin_number=86.2500 50.0000 22.5000 5.0000
	group_pikmin_label=86.2500 57.5000 22.5000 5.0000
	group_pikmin_number=86.2500 65.0000 22.5000 5.0000
	cursor_info=86.2500 80.0000 22.5000 20.0000
	instructions=58.7500 16.0000 77.5000 4.0000
	tooltip=50.0000 96.0000 96.0000 4.0000
}
