positions{
	retry=20.0000 87.5000 25.0000 7.0000
	continue=50.0000 87.5000 25.0000 7.0000
	pick_area=80.0000 87.5000 25.0000 7.0000
	box=50.0000 52.0000 88.0000 40.0000
	area_name=35.0000 7.0000 66.0000 10.0000
	area_subtitle=35.0000 19.0000 66.0000 10.0000
	goal_stamp=83.0000 11.0000 30.0000 18.0000
	finish_reason=83.0000 22.0000 30.0000 4.0000
	time_label=36.0000 28.0000 28.0000 4.0000
	time_amount=64.0000 28.0000 28.0000 4.0000
	pikmin_born_label=25.0000 37.0000 30.0000 6.0000
	pikmin_born_amount=49.0000 37.0000 18.0000 6.0000
	pikmin_born_mult=66.0000 37.0000 16.0000 6.0000
	pikmin_born_points=81.0000 37.0000 14.0000 6.0000
	pikmin_deaths_label=25.0000 43.0000 30.0000 6.0000
	pikmin_deaths_amount=49.0000 43.0000 18.0000 6.0000
	pikmin_deaths_mult=66.0000 43.0000 16.0000 6.0000
	pikmin_deaths_points=81.0000 43.0000 14.0000 6.0000
	seconds_left_label=25.0000 49.0000 30.0000 6.0000
	seconds_left_amount=49.0000 49.0000 18.0000 6.0000
	seconds_left_mult=66.0000 49.0000 16.0000 6.0000
	seconds_left_points=81.0000 49.0000 14.0000 6.0000
	seconds_passed_label=25.0000 55.0000 30.0000 6.0000
	seconds_passed_amount=49.0000 55.0000 18.0000 6.0000
	seconds_passed_mult=66.0000 55.0000 16.0000 6.0000
	seconds_passed_points=81.0000 55.0000 14.0000 6.0000
	treasure_label=25.0000 61.0000 30.0000 6.0000
	treasure_amount=49.0000 61.0000 18.0000 6.0000
	treasure_mult=66.0000 61.0000 16.0000 6.0000
	treasure_points=81.0000 61.0000 14.0000 6.0000
	treasure_total=89.0000 62.0000 10.0000 4.0000
	enemies_label=25.0000 67.0000 30.0000 6.0000
	enemies_amount=49.0000 67.0000 18.0000 6.0000
	enemies_mult=66.0000 67.0000 16.0000 6.0000
	enemies_points=81.0000 67.0000 14.0000 6.0000
	enemies_total=89.0000 68.0000 10.0000 4.0000
	medal=88.0000 77.0000 20.0000 14.0000
	used_tools=50.0000 80.0000 56.0000 4.0000
	final_score_label=36.0000 76.0000 28.0000 4.0000
	final_score=64.0000 76.0000 28.0000 4.0000
	tooltip=50.0000 95.0000 95.0000 8.0000
}
